((100.0 * (x2 - x1**2)**2) + (1.0 - x1)**2)

-1,200000 24,200000 1,441370 0,194839 -215,600000
1,441370 0,194839 1,441304 0,194828 0,558140
1,441304 0,194828 1,438216 0,192110 0,368717
1,438216 0,192110 1,320991 0,121046 0,371844
1,320991 0,121046 1,277340 0,092228 7,733205
1,277340 0,092228 1,238262 0,059956 6,876924
1,238262 0,059956 1,158437 0,029647 -2,319678
1,158437 0,029647 1,126356 0,022427 3,440835
1,126356 0,022427 1,080287 0,006452 3,874182
1,080287 0,006452 1,046120 0,003374 0,262993
1,046120 0,003374 1,029486 0,001270 1,570020
1,029486 0,001270 1,013698 0,000199 0,883182
1,013698 0,000199 1,002566 0,000049 0,162996
1,002566 0,000049 1,000775 0,000001 0,265781
1,000775 0,000001 1,000018 0,000000 -0,006775
1,000018 0,000000 1,000000 0,000000 0,001083
1,000000 0,000000 1,000000 0,000000 0,000027
