(np.cos(((x1**2 + (1.0 + (x2)**4)) * 0.04)) * -4.0)

-2,000000 -2,000000
-1,690901 0,472791
-1,606407 0,464120
-0,975386 0,399583
-0,661818 0,367362
-0,347008 0,334710
-0,127566 0,311584
-0,013707 0,299164
0,005295 0,296648
0,006862 0,295971
0,020021 0,285488
0,029925 0,267907
0,035955 0,228508
0,027224 0,175651
0,009037 0,125934
-0,000436 0,098190
-0,002429 0,084151
-0,002557 0,067566
-0,001234 0,050044
-0,000112 0,037649
0,000226 0,030219
0,000243 0,023852
0,000110 0,017757
0,000006 0,013425
-0,000026 0,010547
-0,000023 0,008131
-0,000009 0,006072
0,000001 0,004618
0,000003 0,003586
0,000002 0,002725
0,000001 0,002045
-0,000000 0,001564
-0,000000 0,001213
-0,000000 0,000938
-0,000000 0,000754
-0,000000 0,000659
-0,000000 0,000588
