((100.0 * (x2 - x1**2)**2) + (1.0 - x1)**2)
-2.0 -2.0
0.14011653608386077 -1.4656388174572132
-0.133559029816756 0.015645299267055046
-0.13251962735106443 0.01592953259170433
-0.05549811554396382 0.01608135742515259
0.15286375995063362 9.714573647691387E-4
0.17998525067364243 0.006707082936703487
0.3321482696763537 0.09403926857690954
0.4014152020893057 0.15551904891890495
0.46877631530534614 0.20028801887571826
0.5567743868455562 0.2918787611848198
0.61190025298802 0.38059234464615366
0.7057786382449098 0.48738506803973586
0.7487033479873495 0.5474180781413849
0.8143076921301221 0.6608682121043531
0.8637981520936985 0.7380466356664052
0.8992407626473365 0.8035959072727712
0.9304203638220849 0.8648496291472134
0.9595040526073567 0.9172228586868879
0.9783571173007346 0.9558689719598594
0.9916593352410596 0.9829212084596931
0.9980473135197646 0.9960031118441562
0.9998783677043384 0.9997344384410725
0.9999044414781082 0.9998099577420395
0.9999999845879323 0.999999955458988
