(np.cos(((x1**2 + (1.0 + (x2)**4)) * 0.04)) * -4.0)

-2,000000 -2,000000
-1,025208 -1,675069
-0,559668 -1,421523
-0,294099 -1,196680
-0,141069 -0,989122
-0,056306 -0,791012
-0,015458 -0,599730
-0,002051 -0,426350
-0,000084 -0,290044
-0,000001 -0,194260
-0,000000 -0,129629
-0,000000 -0,086436
-0,000000 -0,057626
-0,000000 -0,038418
-0,000000 -0,025612
-0,000000 -0,017074
-0,000000 -0,011383
-0,000000 -0,007589
-0,000000 -0,005059
-0,000000 -0,003373
-0,000000 -0,002248
-0,000000 -0,001499
-0,000000 -0,000999
-0,000000 -0,000666
-0,000000 -0,000444
-0,000000 -0,000296
-0,000000 -0,000197
-0,000000 -0,000132
-0,000000 -0,000088
-0,000000 -0,000058
0,000000 -0,000039
0,000000 -0,000026
