(np.cos(((x1**2 + (1.0 + (x2)**4)) * 0.04)) * -4.0)
-2.0 -2.0
-1.0252083223563355 -1.6750694407854452
-0.5596678247828075 -1.421523358515015
-0.29409893990006203 -1.196680242390964
-0.141069236064262 -0.9891224013217064
-0.05630556278693437 -0.7910124746028716
-0.015458143196885647 -0.5997299035045625
-0.0020514553941493215 -0.4263500548849096
-8.387869522456662E-5 -0.2900441529109119
-7.782186306926769E-7 -0.1942597693808896
-1.471970850251327E-9 -0.1296289912347958
-5.535141376799349E-13 -0.08643557588212183
-4.1167007255693705E-17 -0.0576258601051512
-6.049435193238059E-22 -0.038417522338134835
-1.7560507265509766E-27 -0.02561171873198891
-1.0069282890815486E-33 -0.017074484049955242
-1.140501443805502E-40 -0.011382990011286299
-2.5516920698774225E-48 -0.0075886600924163486
-1.1277054455691636E-56 -0.0050591067394567795
-9.844600784495017E-66 -0.0033727378277766795
-1.697599592600468E-75 -0.0022484918853783176
-5.782421192774192E-86 -0.0014989945902777412
-3.890657643212909E-97 -9.993297268551895E-4
-5.171716358408337E-109 -6.662198179039024E-4
-1.3576762670223684E-121 -4.4414654526932657E-4
-7.051082762502416E-135 -2.9609769684622536E-4
-7.209649817859067E-149 -1.9739846456415125E-4
-1.4760507320799343E-163 -1.3159897637610098E-4
-3.0846974273316917E-179 -8.773265091740067E-5
-3.4247021078256297E-195 -5.848843394493378E-5
0.0 -3.899228929662252E-5
0.0 -2.599485953108168E-5
