(np.cos(((x1**2 + (1.0 + (x2)**4)) * 0.04)) * -4.0)
1.0 1.0
0.5251149265112901 0.8417049755037633
0.21357415330162666 0.6752490845206776
0.048482510287919084 0.5012611446823109
0.003730752832686618 0.3470315263770841
6.984414873470717E-5 0.23351996579803008
2.748721448459575E-7 0.15598631702827442
2.1656294938873342E-10 0.10403184355805678
3.379384965020903E-14 0.06935997363389028
1.0422140308584527E-18 0.04624069545113223
6.349751611718033E-24 0.030827224208826727
7.641885609677152E-30 0.020551495172673795
1.8166910293504185E-36 0.01370099841033857
8.530940792045081E-44 0.009133999154685967
7.913121209264605E-52 0.00608933279803233
1.449885509144119E-60 0.00405955520240729
5.247526700677081E-70 0.0027063701354279475
3.751552840098273E-80 0.0018042467570164593
5.297859869791367E-91 0.0012028311713527993
1.477873139477261E-102 8.018874475696512E-4
8.143224317074509E-115 5.345916317132481E-4
8.854282229165618E-128 3.5639442114218477E-4
1.8963731077574332E-141 2.3759628076145908E-4
8.157560174750226E-156 1.583975205076397E-4
6.210316203958571E-171 1.0559834700509319E-4
1.8386229439566682E-186 7.039889800339547E-5
0.0 4.693259866893031E-5
0.0 3.128839911262021E-5
0.0 2.0858932741746805E-5
