(np.cos(((x1**2 + (1.0 + (x2)**4)) * 0.04)) * -4.0)
4.0 0.0
3.1951449292563603 0.0
2.751928274116402 0.0
2.4558272865622954 0.0
2.2377101269467436 0.0
2.067294675026741 0.0
1.928777818856433 0.0
1.8129353746189785 0.0
1.7139459870900837 0.0
1.6279174041383873 0.0
1.552128645527752 0.0
1.484608860645408 0.0
1.4238886108599091 0.0
1.3688455938463147 0.0
1.3186049954984251 0.0
1.272472900443953 0.0
1.2298904854314523 0.0
1.1904017110972325 0.0
1.1536300317636579 0.0
1.1192612805558018 0.0
1.0870308763108623 0.0
1.056714114228606 0.0
1.0281186953497248 0.0
1.0010789070258492 0.0
0.9754510382281375 0.0
0.9511097303992837 0.0
0.9279450454813226 0.0
0.9058600896873111 0.0
0.8847690722246463 0.0
0.8645957075738552 0.0
0.8452718914524054 0.0
0.8267365965357281 0.0
0.8089349459405379 0.0
0.7918174314953732 0.0
0.7753392507040306 0.0
0.7594597416017842 0.0
0.7441418988106973 0.0
0.729351957309649 0.0
0.715059032960813 0.0
0.7012348108360991 0.0
0.6878532739834345 0.0
0.6748904665535012 0.0
0.662324286240932 0.0
0.6501343018322938 0.0
0.6383015923367718 0.0
0.6268086047356117 0.0
0.6156390278475152 0.0
0.6047776801884956 0.0
0.5942104100213658 0.0
0.5839240060540566 0.0
0.5739061174669767 0.0
0.5641451821353067 0.0
0.5546303620686877 0.0
0.545351485223228 0.0
0.536298992953195 0.0
0.5274638924655076 0.0
0.5188377137219268 0.0
0.5104124703039037 0.0
0.5021806238152223 0.0
0.49413505144942016 0.0
0.48626901639374154 0.0
0.47857614078014515 0.0
0.47105038092753576 0.0
0.4636860046486642 0.0
0.4564775704206676 0.0
0.44941990824053046 0.0
0.4425081020062869 0.0
0.4357374732819322 0.0
0.42910356631909075 0.0
0.4226021342217756 0.0
0.41622912615230306 0.0
0.40998067548680023 0.0
0.4038530888379337 0.0
0.39784283587064406 0.0
0.39194653984392275 0.0
0.38616096881812495 0.0
0.3804830274730704 0.0
0.3749097494873292 0.0
0.36943829043369125 0.0
0.3640659211499403 0.0
0.3587900215477541 0.0
0.3536080748258744 0.0
0.34851766205668144 0.0
0.34351645711800005 0.0
0.3386022219443957 0.0
0.33377280207441173 0.0
0.3290261224721836 0.0
0.3243601836036635 0.0
0.3197730577493151 0.0
0.3152628855366179 0.0
0.3108278726770612 0.0
0.30646628689352945 0.0
0.3021764550250926 0.0
0.29795676029722656 0.0
0.29380563974641477 0.0
0.2897215817889243 0.0
0.28570312392432284 0.0
0.28174885056500687 0.0
0.27785739098366014 0.0
0.2740274173711523 0.0
0.270257642997932 0.0
0.266546820472468 0.0
0.2628937400907518 0.0
0.25929722827129453 0.0
0.25575614607044395 0.0
0.25226938777320096 0.0
0.24883587955504907 0.0
0.24545457821061228 0.0
0.24212446994524017 0.0
0.23884456922587816 0.0
0.23561391768782194 0.0
0.2324315830941778 0.0
0.22929665834505675 0.0
0.2262082605337217 0.0
0.22316553004708473 0.0
0.2201676297081151 0.0
0.21721374395787316 0.0
0.21430307807502583 0.0
0.21143485743083293 0.0
0.20860832677771565 0.0
0.20582274956963367 0.0
0.2030774073126038 0.0
0.20037159894379272 0.0
0.1977046402377094 0.0
0.19507586323810874 0.0
0.1924846157143 0.0
0.18993026064062818 0.0
0.1874121756979677 0.0
0.18492975279613405 0.0
0.18248239761618054 0.0
0.18006952917160554 0.0
0.17769057938754984 0.0
0.17534499269711476 0.0
0.17303222565397922 0.0
0.17075174656053896 0.0
0.16850303511083317 0.0
0.16628558204756314 0.0
0.16409888883254473 0.0
0.16194246732997175 0.0
0.15981583950189926 0.0
0.15771853711538783 0.0
0.155650101460778 0.0
0.153610083080592 0.0
0.15159804150858536 0.0
0.14961354501849564 0.0
0.14765617038205833 0.0
0.14572550263588135 0.0
0.14382113485679035 0.0
0.1419426679452763 0.0
0.14008971041669468 0.0
0.1382618781998832 0.0
0.13645879444288098 0.0
0.13468008932544773 0.0
0.1329253998780957 0.0
0.13119436980736118 0.0
0.12948664932705536 0.0
0.12780189499524647 0.0
0.12613976955673703 0.0
0.12449994179081099 0.0
0.12288208636403614 0.0
0.1212858836879169 0.0
0.11971101978120231 0.0
0.11815718613666285 0.0
0.11662407959215808 0.0
0.11511140220582554 0.0
0.11361886113522857 0.0
0.11214616852030822 0.0
0.11069304136999146 0.0
0.10925920145231403 0.0
0.10784437518792307 0.0
0.10644829354683011 0.0
0.10507069194829102 0.0
0.10371131016369475 0.0
0.1023698922223477 0.0
0.1010461863200456 0.0
0.09973994473032946 0.0
0.09845092371832627 0.0
0.0971788834570797 0.0
0.09592358794627989 0.0
0.09468480493330511 0.0
0.09346230583649207 0.0
0.09225586567055474 0.0
0.09106526297407526 0.0
0.08989027973899315 0.0
0.08873070134202275 0.0
0.08758631647793105 0.0
0.08645691709461116 0.0
0.0853422983298893 0.0
0.08424225845000557 0.0
0.08315659878971128 0.0
0.0820851236939277 0.0
0.08102764046091365 0.0
0.07998395928689109 0.0
0.07895389321207999 0.0
0.0779372580680958 0.0
0.07693387242666444 0.0
0.07594355754961167 0.0
0.07496613734008534 0.0
0.07400143829497043 0.0
0.07304928945845873 0.0
0.07210952237673604 0.0
