(np.cos(((x1**2 + (1.0 + (x2)**4)) * 0.04)) * -4.0)
4.0 0.0
3.195151209434504 0.0
2.751935662419852 0.0
2.45583484136814 0.0
2.237717592109452 0.0
2.067301971957746 0.0
1.928784927061291 0.0
1.8129422948815448 0.0
1.713952728165034 0.0
1.627923977457102 0.0
1.552135062985735 0.0
1.4846151336757 0.0
1.423894750072307 0.0
1.368851608922303 0.0
1.318610895201327 0.0
1.2724786926784388 0.0
1.2298961773210215 0.0
1.1904073090647584 0.0
1.1536355416081734 0.0
1.119266707522703 0.0
1.0870362251546875 0.0
1.0567193892684996 0.0
1.0281239005181204 0.0
1.0010840459110697 0.0
0.9754561141116321 0.0
0.9511147462881888 0.0
0.9279500041369652 0.0
0.905864993650204 0.0
0.8847739238364529 0.0
0.8646005089967351 0.0
0.8452766446860948 0.0
0.8267413034326576 0.0
0.8089396082192486 0.0
0.7918220507524498 0.0
0.7753438284247448 0.0
0.7594642791696085 0.0
0.7441463975158313 0.0
0.7293564183566777 0.0
0.7150634574756008 0.0
0.7012391998720099 0.0
0.6878576285269556 0.0
0.6748947875293388 0.0
0.6623285745166372 0.0
0.6501385582224698 0.0
0.6383058176069082 0.0
0.6268127996055858 0.0
0.6156431929947926 0.0
0.6047818162510638 0.0
0.5942145176004247 0.0
0.5839280857164925 0.0
0.5739101697476383 0.0
0.5641492075391041 0.0
0.5546343610725296 0.0
0.5453554582778126 0.0
0.5363029404846678 0.0
0.5274678148769973 0.0
0.518841611394972 0.0
0.510416343599777 0.0
0.5021844730761629 0.0
0.4941388769997815 0.0
0.4862728185410611 0.0
0.47857991981614295 0.0
0.47105413712904715 0.0
0.4636897382785121 0.0
0.456481281728479 0.0
0.4494235974635012 0.0
0.442511769369899 0.0
0.43574111900062695 0.0
0.42910719059690094 0.0
0.4226057372529198 0.0
0.41623270812174445 0.0
0.4099842365707732 0.0
0.4038566292044394 0.0
0.39784635567991766 0.0
0.3919500392488745 0.0
0.386164447964756 0.0
0.3804864865008659 0.0
0.37491318852962957 0.0
0.369441709618043 0.0
0.3640693205984283 0.0
0.3587934013773156 0.0
0.3536114351485967 0.0
0.3485210029800836 0.0
0.3435197787452998 0.0
0.3386055243747627 0.0
0.3337760854032074 0.0
0.32902938679118887 0.0
0.32436342900129467 0.0
0.31977628431082905 0.0
0.31526609334430655 0.0
0.31083106181043635 0.0
0.30646945742949827 0.0
0.30217960703812424 0.0
0.29795989385951066 0.0
0.29380875492801184 0.0
0.28972467865790885 0.0
0.285706202546919 0.0
0.2817519110057177 0.0
0.2778604333053905 0.0
0.27403044163532514 0.0
0.27026064926459936 0.0
0.26654980880041645 0.0
0.2628967105376023 0.0
0.2593001808935976 0.0
0.2557590809237699 0.0
0.2522723049122259 0.0
0.24883877903363605 0.0
0.2454574600818887 0.0
0.24212733426167118 0.0
0.23884741603933626 0.0
0.23561674704965294 0.0
0.23243439505526342 0.0
0.22929945295587392 0.0
0.22621103784439872 0.0
0.2231682901074544 0.0
0.22017037256776506 0.0
0.21721646966619337 0.0
0.21430578668125358 0.0
0.21143754898409517 0.0
0.20861100132706908 0.0
0.2058254071641024 0.0
0.20308004800121482 0.0
0.20037422277560943 0.0
0.19770724726186284 0.0
0.1950784535038272 0.0
0.19248718927093647 0.0
0.18993281753768623 0.0
0.18741471598512563 0.0
0.18493227652326735 0.0
0.18248490483338284 0.0
0.18007201992920804 0.0
0.1776930537361394 0.0
0.17534745068755045 0.0
0.17303466733740772 0.0
0.17075417198840862 0.0
0.1685054443349069 0.0
0.16628797511993018 0.0
0.16410126580563125 0.0
0.1619448282565504 0.0
0.15981818443509782 0.0
0.15772086610869676 0.0
0.1556524145680572 0.0
0.15361238035607652 0.0
0.15160032300689041 0.0
0.14961581079462083 0.0
0.147658420491391 0.0
0.14572773713419923 0.0
0.14382335380026362 0.0
0.1419448713904688 0.0
0.1400918984205646 0.0
0.13826405081978319 0.0
0.1364609517365576 0.0
0.13468223135104038 0.0
0.13292752669413507 0.0
0.13119648147276722 0.0
0.12948874590113466 0.0
0.12780397653768932 0.0
0.126141836127614 0.0
0.12450199345056913 0.0
0.12288412317349474 0.0
0.121287905708263 0.0
0.1197130270739858 0.0
0.11815917876379126 0.0
0.11662605761589108 0.0
0.11511336568876918 0.0
0.11362081014032918 0.0
0.11214810311084619 0.0
0.11069496160957464 0.0
0.10926110740487101 0.0
0.10784626691769623 0.0
0.1064501711183685 0.0
0.10507255542644307 0.0
0.10371315961360075 0.0
0.10237172770943222 0.0
0.10104800791000974 0.0
0.09974175248914298 0.0
0.09845271771221958 0.0
0.09718066375253583 0.0
0.09592535461002623 0.0
0.09468655803230523 0.0
0.09346404543793735 0.0
0.09225759184185602 0.0
0.09106697578285435 0.0
0.08989197925307438 0.0
0.08873238762942444 0.0
0.08758798960685694 0.0
0.08645857713344189 0.0
0.0853439453471738 0.0
0.08424389251445247 0.0
0.08315821997018032 0.0
0.08208673205942116 0.0
0.08102923608056779 0.0
0.0799855422299676 0.0
0.07895546354795743 0.0
0.07793881586626117 0.0
0.07693541775670465 0.0
0.07594509048120518 0.0
0.07496765794299372 0.0
0.0740029466390301 0.0
0.07305078561357267 0.0
0.07211100641286552 0.0
