(np.cos(((x1**2 + (1.0 + (x2)**4)) * 0.04)) * -4.0)
-2.0 -2.0
-1.0252159285274478 -1.675071976175816
-0.5596757170977802 -1.4215275470626005
-0.2941055208970732 -1.1966858288763713
-0.14107407444292056 -0.9891292997485971
-0.05630865853113866 -0.791020713143047
-0.015459654020378188 -0.5997392446431563
-0.002051859244177055 -0.42635932508372726
-8.391734223834593E-5 -0.29005199251925673
-7.793087274116236E-7 -0.194265862855742
-1.480286410708663E-9 -0.1296335770321004
-5.682659442865925E-13 -0.08643897299749373
-4.670457504700794E-17 -0.0576283500770676
-1.050860236881697E-21 -0.03841933226700575
-1.1250748168239647E-26 -0.025613025286700425
-9.424060815808411E-32 -0.017075421705994784
-7.460235196610585E-37 -0.011383659527907089
-1.303312213283359E-41 -0.0075891726432461455
-6.342391343782724E-46 -0.005059571534413571
-2.8620847649268473E-49 -0.003373808754945489
-3.823467992314335E-52 -0.0022507081971875438
-4.384605190167808E-54 -0.0015090755484459234
-2.777529039422427E-55 -0.001037915653204588
-5.187670341476733E-56 -7.565619261011674E-4
-1.7154059108860716E-56 -5.877653441661865E-4
-7.109057588655289E-57 -4.7303829446897677E-4
