((100.0 * (x2 - x1**2)**2) + (1.0 - x1)**2)
0,999992 0,110089 0,999992 0,999992 0,999992 0,830945 0,999992 0,659749 0,999992 0,726213 0,999992 0,729728 0,999992 0,775894 0,999992 0,860759 0,999992 0,999992 0,999992 0,999992 0,999992 0,999992 
-1,200000 24,200000 -1,175281 4,731886 -215,600000
-1,175281 4,731886 -0,962015 4,061372 -4,639426
-0,962015 4,061372 -0,769772 3,268681 -21,636354
-0,769772 3,268681 -0,558874 2,627921 -14,919128
-0,558874 2,627921 -0,401344 2,025349 -13,060871
-0,401344 2,025349 -0,206073 1,633763 -6,786581
-0,206073 1,633763 -0,078653 1,189853 -5,901060
-0,078653 1,189853 0,088901 0,942988 -2,668115
0,088901 0,942988 0,206922 0,648375 -0,627430
0,206922 0,648375 0,359052 0,483483 -0,433232
0,359052 0,483483 0,459334 0,302434 2,589685
0,459334 0,302434 0,590351 0,207348 0,766424
0,590351 0,207348 0,672663 0,111740 3,876040
0,672663 0,111740 0,780506 0,065466 1,168365
0,780506 0,065466 0,840977 0,026625 3,665970
0,840977 0,026625 0,920036 0,010963 0,912109
0,920036 0,010963 0,954036 0,002246 2,327623
0,954036 0,002246 0,991368 0,000269 0,349236
0,991368 0,000269 0,998118 0,000004 0,535412
0,998118 0,000004 0,999983 0,000000 0,014433
0,999983 0,000000 1,000000 0,000000 0,001357
1,000000 0,000000 1,000000 0,000000 0,000000
