(np.cos(((x1**2 + (1.0 + (x2)**4)) * 0.04)) * -4.0)
1.0 1.0
0.5251186319769916 0.8417062106589972
0.21357881790752953 0.6752517624628005
0.04848555162059315 0.5012652218448694
0.00373145745249822 0.34703597078066795
6.988940427057845E-5 0.23352395048902375
2.756120851215671E-7 0.15598960447794386
2.1931307584638143E-10 0.1040344449058126
3.593742295110318E-14 0.06936197908896119
1.3888570860480183E-18 0.04624221292616147
1.9299808985358658E-23 0.03082835614748937
1.7382429592287048E-28 0.020552329983824315
1.3976574077019491E-33 0.013701608407131928
1.0971380046165175E-38 0.00913444145654306
3.627440829053923E-43 0.006089728307637686
7.826945777663658E-47 0.004060256866252011
6.316718019860599E-50 0.0027079301843915583
3.46529183420133E-52 0.0018102386059891387
6.465239576803132E-54 0.0012180836888819441
6.919377523784417E-55 8.555106447441956E-4
2.156484392341668E-55 6.592162160559675E-4
1.4552808808350438E-55 5.87765861150838E-4
6.031036458409655E-56 4.730387105423983E-4
