((100.0 * (x2 - x1**2)**2) + (1.0 - x1)**2)
0,999992 0,110089 0,999992 0,999992 0,999992 0,830945 0,999992 0,659749 0,999992 0,726213 0,999992 0,729728 0,999992 0,775894 0,999992 0,860759 0,999992 0,999992 0,999992 0,999992 0,999992 0,999992 
-1,200000 1,000000
-1,175281 1,380671
-0,962015 0,879444
-0,769772 0,555592
-0,558874 0,267862
-0,401344 0,136261
-0,206073 0,000140
-0,078653 -0,010050
0,088901 -0,025695
0,206922 0,028887
0,359052 0,101961
0,459334 0,200931
0,590351 0,328631
0,672663 0,445701
0,780506 0,596041
0,840977 0,703586
0,920036 0,839706
0,954036 0,909028
0,991368 0,981417
0,998118 0,996195
0,999983 0,999962
1,000000 1,000000
