(np.cos(((x1**2 + (1.0 + (x2)**4)) * 0.04)) * -4.0)
0,999992 0,999992 0,999992 0,999992 0,999992 0,999992 0,999992 0,999992 0,999992 0,999992 0,999992 0,999992 0,999992 0,999992 0,999992 0,999992 0,999983 0,999951 0,999549 0,998664 0,988532 0,936653 0,813227 0,669330 0,585576 0,000008 
-2,000000 -2,000000
-1,025216 -1,675072
-0,559676 -1,421528
-0,294106 -1,196686
-0,141074 -0,989129
-0,056309 -0,791021
-0,015460 -0,599739
-0,002052 -0,426359
-0,000084 -0,290052
-0,000001 -0,194266
-0,000000 -0,129634
-0,000000 -0,086439
-0,000000 -0,057628
-0,000000 -0,038419
-0,000000 -0,025613
-0,000000 -0,017075
-0,000000 -0,011384
-0,000000 -0,007589
-0,000000 -0,005060
-0,000000 -0,003374
-0,000000 -0,002251
-0,000000 -0,001509
-0,000000 -0,001038
-0,000000 -0,000757
-0,000000 -0,000588
-0,000000 -0,000473
