((100.0 * (x2 - x1**2)**2) + (1.0 - x1)**2)

-1,200000 24,200000 1,441370 0,194839 -215,600000
1,441370 0,194839 1,441304 0,194828 0,558140
1,441304 0,194828 1,438687 0,192524 0,368717
1,438687 0,192524 1,321199 0,121190 0,370586
1,321199 0,121190 1,281406 0,094361 7,736931
1,281406 0,094361 1,286269 0,082109 6,876272
1,286269 0,082109 1,209776 0,047543 1,221104
1,209776 0,047543 1,128047 0,026139 3,297713
1,128047 0,026139 1,117250 0,016310 4,709866
1,117250 0,016310 1,060037 0,008260 2,496681
1,060037 0,008260 1,055819 0,004783 3,013107
1,055819 0,004783 1,020728 0,000711 1,836040
1,020728 0,000711 1,013754 0,000196 0,725736
1,013754 0,000196 1,010298 0,000108 -0,081448
1,010298 0,000108 1,000638 0,000004 0,077187
1,000638 0,000004 1,000527 0,000000 0,076150
1,000527 0,000000 1,000012 0,000000 -0,000181
1,000012 0,000000 1,000000 0,000000 0,000147
1,000000 0,000000 1,000000 0,000000 0,000002
