(np.cos(((x1**2 + (1.0 + (x2)**4)) * 0.04)) * -4.0)

-2,000000 -2,000000
-1,690901 0,472791
-1,606524 0,464132
-0,975430 0,399588
-0,661867 0,367367
-0,347044 0,334714
-0,127591 0,311586
-0,013714 0,299164
0,005295 0,296644
0,006778 0,294639
0,000128 0,198178
-0,000002 0,156350
-0,000001 0,116068
-0,000000 0,088198
0,000000 0,066414
0,000000 0,050183
-0,000000 0,037868
-0,000000 0,028590
0,000000 0,021581
0,000000 0,016291
-0,000000 0,012298
-0,000000 0,009283
0,000000 0,007008
0,000000 0,005290
-0,000000 0,003994
-0,000000 0,003016
0,000000 0,002278
0,000000 0,001726
0,000000 0,001312
-0,000000 0,001005
-0,000000 0,000794
-0,000000 0,000659
-0,000000 0,000588
