((100.0 * (x2 - x1**2)**2) + (1.0 - x1)**2)
-2.0 -2.0
0.14011653608386077 -1.4656388174572132
-0.1335835994838993 0.015777955384623343
-0.13252886495953142 0.015946688292796486
0.057063031832849026 -0.02521243513046219
0.0998397825297085 -0.016333282406770695
0.09983104392815309 0.009962517162011117
0.2295151002950988 0.035858933315773694
0.38654822533750677 0.12205501805416706
0.4513545161574353 0.21426810220025
0.525611623207591 0.2730840392048448
0.603288355089802 0.3477700096854428
0.6424058771596092 0.3987925011380435
0.6884626223074239 0.48144147639759083
0.7071530395680989 0.505653436957572
0.8067237995780827 0.6426669189655962
0.8349775791829984 0.6880035987749248
0.8237721332216099 0.6749467957392152
0.8906804721432813 0.7890271237022526
0.9369344598539322 0.8750730818601374
0.9599913427916434 0.9233235071994497
0.9629018224544316 0.9281716494786904
0.9896811574101078 0.9784541866904831
0.9932025229739031 0.985800996811125
0.9986907452978375 0.9973498436295668
0.9999795857839573 0.9999206454610027
0.9999916238652238 0.9999749379522049
0.9999999475721384 0.9999998949080264
