   5   0  2.442491e-15  3.293454e-16
   5   1  1.021405e-14  1.377262e-15
   5   2  4.076197e-15  5.496343e-16
   5   3  8.854802e-12  1.193981e-12
   5   4  3.263376e-15  4.400335e-16
   5   5  8.553762e-15  1.153389e-15
   5   6  4.512555e-09  6.084728e-10
   5   7  2.035410e-07  2.744546e-08
   5   8  1.489520e-15  2.008469e-16
   5   9  9.653834e-15  1.301723e-15
   5  10  1.332268e-15  1.796429e-16
   5  11  3.456857e-04  4.661225e-05
   5  12  4.820266e-02  6.499646e-03
   5  13  2.521942e-15  3.400586e-16
   5  14  2.146625e+00  2.894509e-01
   5  15  1.981180e-14  2.671423e-15
   5  16  0.000000e+00  0.000000e+00
   5  17  1.847779e-15  2.491545e-16
   5  18  3.972055e-15  5.355917e-16
   5  19  1.472877e-15  1.986027e-16
   5  20       NaN       NaN
  25   0  3.242426e-12  4.362184e-14
  25   1  5.099551e-13  6.860659e-15
  25   2  3.444639e-10  4.634230e-12
  25   3  2.200952e-09  2.961041e-11
  25   4  1.541837e-12  2.074303e-14
  25   5  6.253134e-13  8.412626e-15
  25   6  6.381412e-12  8.585205e-14
  25   7  3.748370e-05  5.042853e-07
  25   8  1.839234e-12  2.474405e-14
  25   9  6.688164e-04  8.997892e-06
  25  10  8.562613e-14  1.151967e-15
  25  11  1.091382e-12  1.468286e-14
  25  12  6.053790e-13  8.144440e-15
  25  13  9.615385e+00  1.293602e-01
  25  14  6.557654e-12  8.822311e-14
  25  15  9.333333e+01  1.255656e+00
  25  16  5.171258e-13  6.957129e-15
  25  17  6.012116e-13  8.088373e-15
  25  18  6.980987e-12  9.391841e-14
  25  19  6.336179e-13  8.524350e-15
  25  20  2.387283e-12  3.211721e-14
 125   0  2.098850e-10  2.585710e-13
 125   1  8.423218e-11  1.037711e-13
 125   2  1.869580e-10  2.303258e-13
 125   3  1.132300e-10  1.394955e-13
 125   4  1.495527e-05  1.842437e-08
 125   5  1.957714e-10  2.411836e-13
 125   6  5.565535e-10  6.856546e-13
 125   7  2.372535e-10  2.922880e-13
 125   8  4.560498e-10  5.618376e-13
 125   9  8.017279e-01  9.877009e-04
 125  10  3.326584e-10  4.098237e-13
 125  11  1.605234e-09  1.977593e-12
 125  12  1.434187e-10  1.766868e-13
 125  13  5.887693e-11  7.253433e-14
 125  14  1.510524e-10  1.860913e-13
 125  15  6.760476e-10  8.328673e-13
 125  16  6.864275e-11  8.456549e-14
 125  17  4.337972e+02  5.344231e-01
 125  18  3.640111e+00  4.484490e-03
 125  19  5.277120e+02  6.501229e-01
 125  20  1.697672e+03  2.091474e+00
 625   0  2.081314e-07  2.304397e-11
 625   1  9.109786e-07  1.008621e-10
 625   2  4.398670e-08  4.870137e-12
 625   3  1.009189e-07  1.117358e-11
 625   4  4.587410e-09  5.079107e-13
 625   5  1.413288e-07  1.564770e-11
 625   6  7.954645e-02  8.807256e-06
 625   7  5.856830e-08  6.484588e-12
 625   8  1.591794e-08  1.762408e-12
 625   9  2.926859e-08  3.240571e-12
 625  10  5.705344e-08  6.316866e-12
 625  11  6.586985e+03  7.293004e-01
 625  12  8.913993e-08  9.869430e-12
 625  13  1.461799e-07  1.618481e-11
 625  14  2.015694e-07  2.231744e-11
 625  15  3.970904e+03  4.396521e-01
 625  16  8.358295e-08  9.254170e-12
 625  17  1.180077e-07  1.306562e-11
 625  18  2.387493e-07  2.643394e-11
 625  19  8.747640e-08  9.685247e-12
 625  20  1.205088e-08  1.334255e-12
