  10   0  2.188134e-13  1.115176e-14
  10   1  1.871640e-14  9.538760e-16
  10   2  1.199907e-13  6.115290e-15
  10   3  5.043346e-14  2.570327e-15
  10   4  3.514763e-14  1.791289e-15
  10   5  6.965727e-14  3.550063e-15
  10   6  1.823472e-14  9.293272e-16
  10   7  1.399806e-13  7.134071e-15
  10   8  1.469717e-05  7.490370e-07
  10   9  2.772957e-13  1.413230e-14
  10  10  3.457057e-14  1.761879e-15
  10  11  1.328899e-13  6.772698e-15
  10  12  2.291071e-14  1.167638e-15
  10  13  2.761935e-14  1.407612e-15
  10  14  1.020681e-14  5.201871e-16
  10  15  1.154748e-13  5.885140e-15
  10  16  1.620749e-13  8.260103e-15
  10  17  5.899632e-14  3.006731e-15
  10  18  1.739253e+01  8.864053e-01
  10  19  3.794733e+01  1.933975e+00
  10  20  7.101480e-14  3.619249e-15
 100   0  2.336167e-10  4.016250e-13
 100   1  2.048340e-11  3.521429e-14
 100   2  2.257408e-10  3.880851e-13
 100   3  7.487271e-07  1.287184e-09
 100   4  2.933930e-06  5.043902e-09
 100   5  5.152356e-11  8.857737e-14
 100   6  3.087168e-04  5.307343e-07
 100   7  4.179606e-03  7.185421e-06
 100   8  2.458202e-02  4.226049e-05
 100   9  3.224677e-01  5.543743e-04
 100  10  1.033957e-10  1.777540e-13
 100  11  1.449066e-10  2.491179e-13
 100  12  2.707606e-10  4.654815e-13
 100  13  1.800000e+02  3.094492e-01
 100  14  2.649736e-10  4.555327e-13
 100  15  2.455331e-10  4.221113e-13
 100  16  4.406030e-10  7.574681e-13
 100  17  1.390933e-10  2.391241e-13
 100  18  1.133483e-10  1.948641e-13
 100  19  1.057398e-10  1.817839e-13
 100  20  2.264381e-11  3.892839e-14
1000   0  2.481553e-07  1.358184e-11
1000   1  9.198386e-07  5.034388e-11
1000   2  1.354621e-04  7.414002e-09
1000   3  4.126566e-07  2.258520e-11
1000   4  4.174504e-07  2.284756e-11
1000   5  4.982081e-07  2.726753e-11
1000   6  8.504675e-08  4.654712e-12
1000   7  3.660388e-06  2.003375e-10
1000   8  7.315319e+00  4.003763e-04
1000   9  1.939897e-08  1.061729e-12
1000  10  1.051365e-06  5.754250e-11
1000  11  1.492059e-06  8.166220e-11
1000  12  2.105014e-06  1.152099e-10
1000  13  1.903985e-07  1.042074e-11
1000  14  7.854296e-08  4.298751e-12
1000  15  5.745721e+03  3.144703e-01
1000  16  1.091205e-07  5.972300e-12
1000  17  3.636427e-07  1.990260e-11
1000  18  2.529005e-08  1.384155e-12
1000  19  2.397647e-06  1.312261e-10
1000  20  5.742541e-07  3.142962e-11
