   5   0  1.661630e-15  2.240541e-16
   5   1  1.996550e-14  2.692148e-15
   5   2  1.489520e-15  2.008469e-16
   5   3  1.847779e-15  2.491545e-16
   5   4  1.649307e-14  2.223925e-15
   5   5  6.469848e-15  8.723941e-16
   5   6  5.455968e-09  7.356826e-10
   5   7  4.076197e-15  5.496343e-16
   5   8  6.601861e-15  8.901947e-16
   5   9  3.972055e-15  5.355917e-16
   5  10  2.106500e-14  2.840404e-15
   5  11  4.393492e-03  5.924184e-04
   5  12  6.694562e-15  9.026946e-16
   5  13  1.791833e-14  2.416107e-15
   5  14  9.938080e-01  1.340050e-01
   5  15  4.965068e-16  6.694897e-17
   5  16  5.617334e-15  7.574411e-16
   5  17  4.288394e-15  5.782469e-16
   5  18  7.922357e-15  1.068250e-15
   5  19  8.385255e+00  1.130668e+00
   5  20  1.779823e-15  2.399913e-16
  25   0  8.854320e-13  1.191212e-14
  25   1  7.496144e-13  1.008490e-14
  25   2  4.490355e-13  6.041080e-15
  25   3  1.191596e-12  1.603108e-14
  25   4  1.746431e-12  2.349553e-14
  25   5  1.081879e-12  1.455501e-14
  25   6  1.541579e-12  2.073956e-14
  25   7  2.367811e-12  3.185523e-14
  25   8  1.361039e-13  1.831068e-15
  25   9  3.541933e-12  4.765124e-14
  25  10  4.242144e-12  5.707150e-14
  25  11  5.765258e-12  7.756265e-14
  25  12  2.171298e+00  2.921146e-02
  25  13  1.400000e+01  1.883484e-01
  25  14  5.775862e+01  7.770531e-01
  25  15  2.420328e-13  3.256178e-15
  25  16  1.111000e+03  1.494679e+01
  25  17  2.251582e-12  3.029157e-14
  25  18  1.806766e-14  2.430725e-16
  25  19  7.650913e-13  1.029312e-14
  25  20  3.376095e-13  4.542015e-15
 125   0  9.841322e-11  1.212417e-13
 125   1  1.224947e-10  1.509092e-13
 125   2  1.433964e-09  1.766594e-12
 125   3  1.102330e-09  1.358032e-12
 125   4  2.199277e-09  2.709433e-12
 125   5  7.050177e-11  8.685574e-14
 125   6  4.197764e-10  5.171500e-13
 125   7  3.522730e-11  4.339881e-14
 125   8  1.233206e-09  1.519267e-12
 125   9  1.482018e-09  1.825795e-12
 125  10  6.926604e-11  8.533336e-14
 125  11  1.003744e-09  1.236578e-12
 125  12  4.204664e-11  5.180000e-14
 125  13  3.446395e-11  4.245839e-14
 125  14  6.564707e-10  8.087491e-13
 125  15  7.879974e-10  9.707855e-13
 125  16  1.656397e-10  2.040624e-13
 125  17  1.982794e-10  2.442733e-13
 125  18  3.234184e-10  3.984402e-13
 125  19  5.633300e-10  6.940030e-13
 125  20  1.685287e-10  2.076215e-13
 625   0  4.224457e-08  4.677251e-12
 625   1  9.748440e-08  1.079332e-11
 625   2  1.982177e-07  2.194634e-11
 625   3  8.691799e-08  9.623421e-12
 625   4  8.902358e-08  9.856548e-12
 625   5  1.232217e-08  1.364291e-12
 625   6  6.851808e-08  7.586212e-12
 625   7  9.589043e-08  1.061683e-11
 625   8  2.391099e-08  2.647386e-12
 625   9  1.576274e-07  1.745226e-11
 625  10  1.421326e-07  1.573669e-11
 625  11  1.262067e+04  1.397340e+00
 625  12  1.337519e+04  1.480880e+00
 625  13  1.353712e+04  1.498808e+00
 625  14  5.014700e-08  5.552195e-12
 625  15  1.766516e-07  1.955858e-11
 625  16  8.023498e+03  8.883489e-01
 625  17  3.847906e-07  4.260339e-11
 625  18  1.897663e-07  2.101063e-11
 625  19  1.585697e+04  1.755658e+00
 625  20  2.214452e-07  2.451806e-11
