  10   0  3.240102e-14  1.651309e-15
  10   1  2.150353e-12  1.095921e-13
  10   2  6.393188e-15  3.258270e-16
  10   3  3.793585e-14  1.933390e-15
  10   4  1.201120e-13  6.121473e-15
  10   5  5.055210e-14  2.576374e-15
  10   6  7.802056e-14  3.976296e-15
  10   7  5.043884e-15  2.570601e-16
  10   8  1.610203e-13  8.206355e-15
  10   9  5.043283e-06  2.570295e-07
  10  10  1.518243e-03  7.737685e-05
  10  11  2.514613e-13  1.281565e-14
  10  12  5.568850e-15  2.838149e-16
  10  13  2.655647e-13  1.353443e-14
  10  14  1.762420e-13  8.982125e-15
  10  16  9.330637e-14  4.755333e-15
  10  17  8.020822e-14  4.087789e-15
  10  18  1.236834e-13  6.303491e-15
  10  19  3.340499e-14  1.702476e-15
  10  20  3.203296e-14  1.632551e-15
 100   0  2.793265e-10  4.802076e-13
 100   1  9.216239e-11  1.584421e-13
 100   2  8.859282e-11  1.523054e-13
 100   3  3.832045e-07  6.587908e-10
 100   4  9.321309e-11  1.602484e-13
 100   5  1.549452e-10  2.663760e-13
 100   6  1.060731e-09  1.823569e-12
 100   7  2.650242e-10  4.556197e-13
 100   8  3.285485e-10  5.648282e-13
 100   9  1.589946e-10  2.733376e-13
 100  10  1.579773e-10  2.715886e-13
 100  11  5.133345e-11  8.825054e-14
 100  12  1.242575e-10  2.136188e-13
 100  13  8.529900e-10  1.466428e-12
 100  14  5.652114e-11  9.716902e-14
 100  15  2.916808e-10  5.014467e-13
 100  16  1.496858e+03  2.573343e+00
 100  17  5.114837e+02  8.793235e-01
 100  18  3.523129e-10  6.056831e-13
 100  19  9.822453e-11  1.688639e-13
 100  20  2.269407e-11  3.901480e-14
1000   0  4.623337e-07  2.530408e-11
1000   1  1.950427e-05  1.067492e-09
1000   2  6.785880e-05  3.713994e-09
1000   3  1.445151e-04  7.909487e-09
1000   4  3.118313e-07  1.706690e-11
1000   5  2.565495e-01  1.404126e-05
1000   6  2.940356e-01  1.609293e-05
1000   7  4.955383e-08  2.712141e-12
1000   8  3.870404e-07  2.118319e-11
1000   9  4.927479e-07  2.696869e-11
1000  10  5.873311e-07  3.214534e-11
1000  11  2.370962e+03  1.297656e-01
1000  12  1.345684e-07  7.365094e-12
1000  13  2.352539e+04  1.287573e+00
1000  14  3.803733e-07  2.081829e-11
1000  15  1.639087e+05  8.970921e+00
1000  16  1.601741e-07  8.766520e-12
1000  17  1.523514e-06  8.338379e-11
1000  18  2.187406e+04  1.197194e+00
1000  19  1.388769e-06  7.600903e-11
1000  20  1.351034e-06  7.394374e-11
