   3   0  0.000000e+00  0.000000e+00
   3   1  8.082546e-16  2.160151e-16
   3   2  0.000000e+00  0.000000e+00
   3   3  4.965068e-16  1.326970e-16
   3   4  8.671119e-16  2.317454e-16
   3   5  6.661338e-16  1.780318e-16
   9   0  2.331786e-14  1.381231e-15
   9   1  4.650668e-14  2.754818e-15
   9   2  6.065395e-14  3.592830e-15
   9   3  3.983369e-11  2.359544e-12
   9   4  6.098309e-14  3.612326e-15
   9   5  1.078024e-13  6.385661e-15
  27   0  8.336848e-12  1.001464e-13
  27   1  1.601464e-13  1.923758e-15
  27   2  2.368060e-12  2.844633e-14
  27   3  7.531383e-12  9.047073e-14
  27   4  1.442490e-08  1.732791e-10
  27   5  2.753823e-13  3.308030e-15
