  10   0  1.938031e-14  9.877120e-16
  10   1  1.922578e-14  9.798365e-16
  10   2  2.432377e-15  1.239654e-16
  10   3  5.646267e-14  2.877604e-15
  10   4  9.942613e-10  5.067225e-11
  10   5  8.167500e-15  4.162543e-16
  10   6  1.065605e-07  5.430824e-09
  10   7  3.501341e-14  1.784449e-15
  10   8  2.976081e-14  1.516751e-15
  10   9  1.345635e-04  6.857990e-06
  10  10  4.745005e-14  2.418279e-15
 100   0  8.790679e-12  1.511260e-14
 100   1  1.305752e-10  2.244799e-13
 100   2  8.223327e-09  1.413723e-11
 100   3  7.224785e-12  1.242058e-14
 100   4  2.195482e-06  3.774390e-09
 100   5  1.075670e-10  1.849251e-13
 100   6  2.544911e-10  4.375115e-13
 100   7  4.371138e-10  7.514697e-13
 100   8  9.853021e-11  1.693894e-13
 100   9  2.610233e-11  4.487414e-14
 100  10  3.481021e-11  5.984440e-14
1000   0  4.003029e-07  2.190906e-11
1000   1  1.244482e-06  6.811200e-11
1000   2  3.112649e-08  1.703590e-12
1000   3  3.538702e-07  1.936775e-11
1000   4  1.836025e-02  1.004879e-06
1000   5  2.638741e-07  1.444215e-11
1000   6  5.664230e-07  3.100102e-11
1000   7  3.254357e-07  1.781149e-11
1000   8  3.507247e-07  1.919559e-11
1000   9  2.420350e-07  1.324687e-11
1000  10  8.841585e+04  4.839106e+00
