  10   0  2.074900e-14  1.057467e-15
  10   1  2.089964e-14  1.065144e-15
  10   2  1.073172e-13  5.469389e-15
  10   3  1.107822e-13  5.645985e-15
  10   4  7.338633e-14  3.740114e-15
  10   5  6.943972e-14  3.538976e-15
  10   6  8.230190e-14  4.194493e-15
  10   7  1.214470e-13  6.189514e-15
  10   8  1.248130e-13  6.361058e-15
  10   9  1.067534e-13  5.440655e-15
  10  10  6.816878e-14  3.474203e-15
 100   0  4.264101e-11  7.330683e-14
 100   1  2.550974e-11  4.385538e-14
 100   2  1.788514e-10  3.074746e-13
 100   3  1.615119e-08  2.776653e-11
 100   4  1.447010e-10  2.487646e-13
 100   5  3.186757e-10  5.478553e-13
 100   6  3.833221e-04  6.589929e-07
 100   7  1.811418e-10  3.114122e-13
 100   8  1.254774e-10  2.157160e-13
 100   9  1.068050e-09  1.836152e-12
 100  10  6.518488e-11  1.120634e-13
1000   0  1.569867e-07  8.592072e-12
1000   1  1.187719e-06  6.500530e-11
1000   2  9.503599e-07  5.201435e-11
1000   3  2.250901e-08  1.231945e-12
1000   4  5.945913e-08  3.254270e-12
1000   5  6.434618e-07  3.521744e-11
1000   6  5.072642e-07  2.776318e-11
1000   7  3.278270e-07  1.794237e-11
1000   8  2.027498e+02  1.109674e-02
1000   9  6.313809e-07  3.455624e-11
1000  10  6.129161e-07  3.354564e-11
