   3   0  2.220446e-16  5.934392e-17
   3   1  0.000000e+00  0.000000e+00
   3   2  2.220446e-16  5.934392e-17
   3   3  2.220446e-16  5.934392e-17
   3   4  1.230717e-10  3.289229e-11
   3   5  1.538370e-15  4.111467e-16
   9   0  3.913091e-14  2.317915e-15
   9   1  8.008450e-13  4.743796e-14
   9   2  1.100466e-14  6.518596e-16
   9   3  1.351765e-10  8.007167e-12
   9   4  2.476668e-14  1.467052e-15
   9   5  2.930063e-14  1.735620e-15
  27   0  6.152822e-12  7.391077e-14
  27   1  2.566522e-12  3.083034e-14
  27   2  5.467686e-13  6.568057e-15
  27   3  6.031587e-13  7.245444e-15
  27   4  1.160296e-11  1.393806e-13
  27   5  5.197219e-14  6.243160e-16
