  10   0  1.506798e-14  7.679354e-16
  10   1  8.446689e-14  4.304831e-15
  10   2  1.019338e-12  5.195027e-14
  10   3  1.491992e-10  7.603896e-12
  10   4  1.194065e-09  6.085520e-11
  10   5  1.961030e-13  9.994335e-15
  10   6  2.974424e-14  1.515907e-15
  10   7  6.780350e-07  3.455586e-08
  10   8  3.965853e-06  2.021186e-07
  10   9  1.209888e-14  6.166162e-16
  10  10  1.988508e-14  1.013438e-15
  10  11  2.726101e-02  1.389350e-03
  10  12  6.424576e-14  3.274267e-15
  10  13  1.861339e-13  9.486264e-15
  10  14  1.003561e-13  5.114621e-15
  10  15  9.815904e-15  5.002648e-16
  10  16  1.981678e-14  1.009957e-15
  10  17  8.165568e-14  4.161559e-15
  10  18  3.929374e-14  2.002594e-15
  10  19  9.551145e-14  4.867714e-15
  10  20  1.191616e-14  6.073039e-16
 100   0  1.880186e-10  3.232344e-13
 100   1  5.332697e-12  9.167771e-15
 100   2  1.471861e-11  2.530368e-14
 100   3  5.261282e-10  9.044998e-13
 100   4  6.337571e-11  1.089531e-13
 100   5  6.799902e-05  1.169014e-07
 100   6  5.130438e-11  8.820057e-14
 100   7  1.390285e-10  2.390125e-13
 100   8  1.818108e-11  3.125623e-14
 100   9  2.582316e-10  4.439421e-13
 100  10  2.605439e-10  4.479172e-13
 100  11  1.846680e-10  3.174743e-13
 100  12  6.417185e-11  1.103218e-13
 100  13  5.963934e-11  1.025297e-13
 100  14  6.194203e+02  1.064884e+00
 100  15  7.686759e-11  1.321479e-13
 100  16  9.240000e+03  1.588506e+01
 100  17  1.285217e-10  2.209497e-13
 100  18  5.924958e-11  1.018596e-13
 100  19  2.124208e-10  3.651858e-13
 100  20  7.388971e-11  1.270284e-13
1000   0  3.857548e-07  2.111283e-11
1000   1  2.231829e-07  1.221507e-11
1000   2  1.045321e-04  5.721168e-09
1000   3  6.511450e-04  3.563795e-08
1000   4  1.647023e-02  9.014353e-07
1000   5  1.169851e-06  6.402736e-11
1000   6  5.825679e-07  3.188464e-11
1000   7  3.896989e-07  2.132869e-11
1000   8  1.199677e-06  6.565976e-11
1000   9  9.530503e-07  5.216159e-11
1000  10  1.506156e-06  8.243372e-11
1000  11  2.414650e-07  1.321567e-11
1000  12  2.779290e-07  1.521139e-11
1000  13  4.594312e-07  2.514522e-11
1000  14  3.706486e-07  2.028604e-11
1000  15  6.872639e-07  3.761479e-11
1000  16  3.748665e-07  2.051690e-11
1000  17  9.512058e-08  5.206064e-12
1000  18  3.193446e+04  1.747812e+00
1000  19  5.726239e-08  3.134040e-12
1000  20  1.403855e-07  7.683467e-12
